TRUE	PRED
199.00000097649175	88.33027168642731
6.000000086889486	-36.44270869949833
16.999999456602385	-197.28242436703295
4.499999923915311	48.81592509709299
17.999999337072953	612.5354659967124
1.0	442.9461453258991
104.33333649812266	685.9262058474123
1.999999966037649	302.76611796999356
320.6666745492258	1271.2849905677142
1.0	-556.7728560687975
230.99999715154993	7.977367012761533
665.0000192057341	650.1572494823486
34.00000016274862	-308.67898918967694
312.00000252947217	110.90771405026317
3.9999999836800275	-191.57126395218074
26.000001118984073	34.83183814026415
21.000000347557947	252.70515363663438
21.000000347557947	-317.6310637034476
19.00000058661681	518.6748680602759
835.0000180527569	107.89658521208912
21.000000347557947	-30.292941013351086
4.333333391259657	708.6219361433759
1.999999966037649	598.0251729832962
2887.999935578555	1867.3037084899843
1.0	-603.0131859099494
507.6666864240542	-365.98826561588794
23.00000010849908	-189.35630051791668
2.999999932075298	76.58270285371692
41.00000069511589	-552.9455404989423
155.49999727704562	7.620509845670313
52.99999926076271	-515.650669809431
1.999999966037649	-125.66790924826638
226.0000100708567	739.8230068627746
4.999999864150595	396.9782282114029
7.9999998478306225	360.69465362606576
12.99999993472011	0.48932471079751844
2006.0000765994191	2149.9139063432813
264.0000082668849	1233.1764741465452
30.499999896564987	411.675810450688
64.99999782640954	130.48559350706637
737.0000434573741	807.387759383768
7.9999998478306225	-242.09199595358223
3.9999999836800275	599.7233495851979
6.000000086889486	605.0639621000737
6499.000173434616	6651.167872220279
8.99999972830119	-662.4219855107368
248.00001017935577	-60.323749790899456
7.9999998478306225	-425.52731337305164
1.4999999830188246	-29.537475420162085
103.99999453383498	167.38932543434203
274.9999973685481	2.6471813600510363
256.99999130563816	309.46807124745106
158.99999480508268	129.37635937612504
1.0	-1330.920889068395
34.00000016274862	-201.5521806133911
2.999999932075298	33.23013191856444
3.9999999836800275	-372.85790298972285
732.0000125663355	989.1375175807626
26.000001118984073	-291.89815931906924
13.999999815190678	432.5204222295433
73.00000234646724	478.1994977379218
167.00000480143353	422.05509458109736
1.0	438.2138832649216
246.0000022039749	699.7524441303685
66.00000181409997	385.6701647620648
6.999999967360054	382.3804459385574
8.99999972830119	409.899739054963
378.9999958900735	358.1998954219744
52.000000749365434	804.9512908440084
6.000000086889486	201.71442425157878
24.999999869440217	37.553950130939484
41.00000069511589	-633.2518309652806
30.999999152263626	162.8690616339445
67.99999883689453	-412.0862994557247
488.6666654208675	97.20892006158829
4.999999864150595	-128.25777971185747
2.999999932075298	-179.88139334414157
7.9999998478306225	-200.25329149793833
6.000000086889486	272.5226318715141
15.999999576131815	-59.2105727288872
302.9999994980172	-53.196507587097585
412.9999781353399	81.17621755134316
4.999999864150595	115.85166769940406
108.49999604956247	-61.95590420253575
668.9999913461506	1017.6131905335934
12.99999993472011	-611.3742588665338
26.000001118984073	409.0796970129013
468.00001126434654	234.49385027866813
86.99999793490862	495.4247178453952
1.999999966037649	826.7707704249771
360.9999898271636	456.0439051883295
43.9999989674543	326.14518012572086
47042.0	47781.73732876778
161.00000278046355	226.8645853288472
6.000000086889486	-188.89563473779708
1.999999966037649	-226.25968196243048
7.9999998478306225	-352.1396840568632
22.000000228028515	-359.7209328683093
341.9999907291495	-7.119940816424788
28.99999939132249	-727.3825634904207
5715.000026188792	3156.0650988146667
11.000000173778972	-734.3506865203382
52.000000749365434	-742.6639623902738
138.4999952018261	632.3345000762492
26.999999630381353	320.4313910901547
12.000000054249542	200.91335208900276
47.00000271608588	371.59162270091474
12.000000054249542	-92.43791572563352
766.9999659415336	1777.6794833168387
1231.999991135672	1756.1657999455929
814.9999821092935	440.19174511078745
126.99999863002449	-381.03707539290195
178.00000485568307	758.8932120390238
1.0	847.4008867535741
4.999999864150595	407.78645943198353
14.999999695661247	1141.3408779874446
2.999999932075298	630.8634363040328
1.0	-79.27603942295536
295.3333424185403	-728.0999578936027
26.000001118984073	-258.48852147581056
15.999999576131815	-276.4665566505864
6562.000150844456	4750.591681137682
1.0	-221.56638920353726
136.9999946965836	408.28545926418155
4.999999864150595	-190.96722881728783
1683.000070028007	1909.067584875971
37.99999968463089	-396.11212756671017
1.999999966037649	910.9223825130613
110.66666953079402	1502.3670375309885
43.00000045605702	415.9205509899184
98.0000034654513	432.55187805742025
1.0	1381.3583077229562
34.9999986741459	1474.8932195529342
26.999999630381353	379.7707512937486
300.33332949923357	1261.4762047529223
8.99999972830119	127.45961296185851
11.000000173778972	380.9471028735861
2923.3333294913173	2148.3770394325256
16.999999456602385	-295.9084926061332
37.99999968463089	-19.16117039322853
14.999999695661247	-327.1969649642706
23.00000010849908	-214.01131707336754
362.99999780254444	0.5402542371302843
16.999999456602385	-168.07700249366465
2.999999932075298	-739.1144482195377
86.33333591150587	-400.1685274317861
8.99999972830119	-286.90932197123766
1.999999966037649	-373.41972685698425
55.00000175985043	-203.72845951281488
131.99999666330405	-756.3716936893761
98.0000034654513	-794.5072849038988
134.0000046386849	313.2546431962401
2.999999932075298	327.26624304987496
753.0000196397306	1375.6987120844426
3.6666667472345584	488.1976318648085
451.0000201417133	-90.81233286578208
98.49999998300336	199.0776110030711
1193.6666400227698	3114.50660532713
838.9999901931734	637.8828174378723
123.9999976195395	-29.214768417179588
580.9999909121543	75.17363072000445
56.99999878264499	-578.4841240970419
2.999999932075298	-571.9242258640007
510.6666874345392	77.6496600015089
12.99999993472011	-700.5726036736743
1014.999991061166	733.6976196337491
32.00000040180748	376.96001097466797
7.9999998478306225	558.6741513609886
6.999999967360054	235.6355040650815
2077.999925609678	1854.248926576227
12.000000054249542	97.28359479503706
117.99999559856951	789.5833227019758
4.999999864150595	537.4555744752288
2.999999932075298	484.64448143541813
604.9999989960343	1317.0292996801438
16.999999456602385	-122.73743525566535
30.999999152263626	227.0583803909831
17.999999337072953	201.74011901905763
183.99999592406678	544.5624010581523
48.00000122748316	-474.7111726896838
6.999999967360054	-206.62051183264703
1.0	-315.1287044044584
26.999999630381353	-262.87728852499276
1.999999966037649	-121.94440229143949
14.999999695661247	-313.04876445420086
1.0	328.75745958089834
1.999999966037649	-724.2853035135196
221.00000108499083	193.2581514148042
2.999999932075298	-523.0179488947616
